2.049662
2.012592
2.011414
2.010772
2.012710
2.012524
2.011256
2.012149
2.010527
2.011024
2.010987
2.010870
2.010763
2.011618
2.011896
2.011082
2.010846
2.010781
2.010658
2.010587
2.010455
2.011509
2.011169
2.011244
2.010845
2.010695
2.010797
2.010704
2.010761
2.011410
2.010722
2.010887
2.010792
2.010758
2.010703
2.010712
2.011493
2.010647
2.010658
2.010554
2.010644
2.010777
2.010751
2.011668
2.011862
2.011137
2.010780
2.010793
2.011329
2.010571
2.010735
2.012434
2.010885
2.010910
2.010680
2.010673
2.010707
2.010715
2.010967
2.011532
2.011045
2.011030
2.011210
2.010657
2.010532
2.010591
2.011268
2.010625
2.010642
2.010679
2.010973
2.011592
2.011068
2.011886
2.011788
2.010756
2.010771
2.010703
2.010754
2.010778
2.010738
2.011448
2.010735
2.010650
2.010638
2.010736
2.010656
2.010795
2.010722
2.011799
2.011063
2.011145
2.010585
2.010636
2.010526
2.010570
2.011438
2.010627
2.010692
2.010678
