1.162
1.212
1.213
1.184
1.217
1.185
1.217
1.181
1.211
1.185
1.22
1.183
1.213
1.184
1.213
1.185
1.212
1.179
1.213
1.2570000000000001
1.183
1.216
1.186
1.21
1.211
1.211
1.226
1.211
1.211
1.211
1.213
1.212
1.212
1.218
1.211
1.219
1.211
1.213
1.213
1.212
1.212
1.213
1.213
1.213
1.214
1.212
1.215
1.215
1.213
1.214
1.212
1.211
1.183
1.213
1.184
1.213
1.181
1.212
1.183
1.21
1.185
1.215
1.181
1.211
1.181
1.218
1.182
1.212
1.254
1.221
1.184
1.212
1.19
1.212
1.2
1.213
1.215
1.212
1.215
1.212
1.212
1.212
1.213
1.212
1.213
1.219
1.212
1.21
1.209
1.178
1.21
1.18
1.211
1.181
1.211
1.181
1.218
1.182
1.212
1.185
