26.186066273
25.975770007
25.982413738
25.955973937
25.979446437
25.977363452
25.947630802
25.984635335
25.952184299
25.967583881
25.936822747
26.318637996
25.962525567
25.944862653
25.952583815
25.954938865
25.950025559
26.024761272
25.943957181
25.949207447
26.004995333
25.951131227
25.933956522
26.025495984
25.962717447
25.974274015
25.964877556
25.955269681
25.95395808
25.956462986
25.962753879
25.980023817
25.976507516
25.951493435
25.931589401
25.926347476
25.982777337
26.005027409
25.950999731
25.958401058
25.973681599
25.951958975
25.975854572
25.977002588
25.964552296
25.950138167
25.94103494
25.987828151
28.273056665
27.830556868
26.597865271
26.005568141
26.012914004
26.012146292
25.986353039
26.000895327
26.015361441
25.944539889
25.965906796
25.935538963
25.968387245
25.961637579
25.983006154
25.96504606
25.952057183
26.013944576
25.97805488
25.984769974
26.232105248
26.141798174
26.171467908
26.286820381
25.953034248
25.955799685
26.065046689
25.956825637
25.944132645
25.960209783
26.113580981
25.97858528
25.931889305
25.962524079
25.95843281
25.916020524
25.993202089
25.947866027
25.939479319
26.102360605
25.953320557
25.962822771
25.968210533
25.920869161
26.195808884
25.980606861
25.965486316
25.953744913
25.926821607
25.96346338
25.934670426
25.953479604
