1.296432
1.268160
1.263810
1.257310
1.257274
1.257751
1.257141
1.257317
1.257507
1.257038
1.257830
1.257470
1.256997
1.256994
1.257084
1.256977
1.258090
1.257415
1.257444
1.258043
1.257274
1.257535
1.257866
1.257826
1.257296
1.257203
1.257320
1.257338
1.257351
1.257885
1.257554
1.257268
1.257172
1.257264
1.257849
1.257148
1.257283
1.257090
1.257066
1.257065
1.257129
1.257003
1.257064
1.257092
1.256958
1.257012
1.257478
1.257007
1.256996
1.256981
1.257075
1.256963
1.257276
1.258104
1.257847
1.257866
1.257452
1.257843
1.257822
1.257269
1.257454
1.257188
1.257529
1.257323
1.257240
1.257342
1.257205
1.257204
1.257204
1.257298
1.257784
1.257151
1.257209
1.257220
1.257202
1.257274
1.257627
1.258109
1.257372
1.257436
1.258056
1.258896
1.257669
1.257606
1.257171
1.257482
1.257129
1.257280
1.257234
1.257129
1.257808
1.257232
1.257381
1.257555
1.258992
1.257174
1.257217
1.257336
1.259742
1.257990
