0.751
0.837
0.804
0.804
0.805
0.804
0.804
0.804
0.804
0.804
0.8130000000000001
0.806
0.796
0.805
0.796
0.804
0.796
0.812
0.801
0.804
0.796
0.805
0.796
0.8200000000000001
0.804
0.796
0.805
0.796
0.804
0.805
0.804
0.796
0.804
0.79
0.804
0.797
0.804
0.796
0.805
0.796
0.806
0.796
0.806
0.796
0.805
0.797
0.804
0.796
0.809
0.795
0.806
0.803
0.804
0.796
0.806
0.796
0.804
0.796
0.805
0.796
0.806
0.796
0.804
0.795
0.804
0.796
0.806
0.804
0.805
0.796
0.812
0.796
0.805
0.796
0.805
0.796
0.8160000000000001
0.804
0.797
0.805
0.796
0.805
0.786
0.804
0.796
0.808
0.797
0.805
0.796
0.803
0.797
0.804
0.796
0.807
0.796
0.806
0.796
0.804
0.796
0.805
