24.332392545
24.308857789
24.320658173
24.334461633
24.327718927
24.308763529
25.184494705
24.337331878
24.288223194
24.296536749
24.330554324
24.289951866
24.314995719
24.299341546
24.310494974
24.348504878
24.353986348
24.37247689
24.306079536
24.308588677
24.30464166
24.291126079
24.344107021
24.329841272
24.472764786
24.330190388
24.316207132
24.417093469
24.378982656
24.497464106
24.384302942
25.16347305
24.360048557
24.327572804
24.31365701
24.307481173
24.412596827
24.312618362
24.319609433
24.313007414
24.3054354
24.533694075
24.939823288
24.387089943
24.326472379
24.284603921
24.301035322
24.362157487
24.322592441
24.335547322
24.310115834
24.393445036
24.34653137
24.346816225
24.308062717
24.293260268
24.328128524
24.290259943
24.30851088
24.315514036
24.382151413
24.314993439
24.309708037
24.328574816
24.316662867
24.366468344
24.294148737
24.331958708
24.278676592
24.312965714
24.269808624
24.297434734
24.310273225
24.687308645
24.338217119
24.297979605
24.313568895
24.317954428
24.315737031
24.322639482
24.303624959
24.293405384
