0.771022
0.724976
0.726462
0.724954
0.725506
0.727409
0.722477
0.727318
0.723352
0.724264
0.724571
0.723271
0.726867
0.726053
0.728143
0.724305
0.727371
0.726275
0.726530
0.723945
0.722484
0.730181
0.721070
0.726827
0.727825
0.724733
0.726596
0.723909
0.727084
0.726149
0.721758
0.725515
0.724532
0.720872
0.725783
0.720458
0.723126
0.723205
0.722664
0.721643
0.722405
0.723781
0.719520
0.722880
0.723004
0.720603
0.724158
0.726022
0.722954
0.727479
0.724794
0.739282
0.729297
0.721931
0.726835
0.723932
0.723611
0.722147
0.725815
0.720359
0.721818
0.726789
0.727807
0.723015
0.726952
0.723126
0.721727
0.726340
0.726166
0.726210
0.721115
0.724020
0.722907
0.722558
0.725510
0.722424
0.725718
0.724961
0.725580
0.725079
0.726840
0.725415
0.724431
0.723421
0.722102
0.726584
0.723751
0.724877
0.724625
0.726854
0.719724
0.724698
0.727091
0.720566
0.721319
0.724633
0.720926
0.721895
0.724947
0.727422
