0.41000000000000003
0.438
0.378
0.38
0.379
0.38
0.378
0.377
0.377
0.378
0.379
0.378
0.377
0.379
0.38
0.379
0.379
0.38
0.379
0.379
0.387
0.381
0.377
0.379
0.379
0.377
0.379
0.378
0.378
0.378
0.378
0.379
0.378
0.378
0.378
0.378
0.38
0.377
0.38
0.378
0.379
0.38
0.382
0.378
0.379
0.379
0.377
0.379
0.38
0.379
0.377
0.381
0.379
0.377
0.378
0.379
0.378
0.379
0.38
0.378
0.387
0.38
0.379
0.379
0.379
0.379
0.379
0.38
0.378
0.379
0.379
0.379
0.379
0.379
0.379
0.378
0.38
0.377
0.378
0.378
0.379
0.379
0.379
0.378
0.379
0.378
0.38
0.38
0.379
0.378
0.378
0.379
0.378
0.38
0.381
0.379
0.38
0.378
0.378
0.379
