23.197644381
23.088284577
23.247688765
23.120517032
23.086703024
23.160803493
23.243673996
23.13559902
23.149652945
23.087594121
23.345100981
23.175512462
23.101754725
23.430258013
23.288754327
23.218502031
23.123389605
23.147298004
23.161180317
23.183476588
23.24860883
23.116839906
23.161392633
23.221855949
23.308402569
23.181709143
23.264173543
23.151573174
23.545573562
23.326812424
23.132151119
23.208008604
25.996472618
23.198695809
23.165945399
22.95702743
23.199020853
23.174006041
23.09088229
23.029424798
23.089330725
23.102259649
23.112055301
23.035304044
23.141857502
23.29924047
23.147414765
23.282814696
23.233971657
22.993707926
23.117831083
23.183589088
23.199625005
23.147111116
23.124814065
23.231053388
23.212561286
23.065223581
23.148962933
23.11536849
23.054927674
23.03203493
23.083647152
23.122632512
22.979106249
23.255108344
23.105463902
23.094271523
23.110715932
23.332964046
23.304002239
23.10266561
23.157085255
23.126218846
23.21560565
23.054925634
23.276840867
23.172926689
23.151475014
23.155974991
23.1483799
23.165185499
23.10400811
23.341707872
23.311492522
23.059233047
22.92489184
23.108043195
23.101242217
23.110243084
23.140082018
23.167866239
23.031000362
23.185374629
22.978110465
23.026988341
23.105705666
23.37295479
23.319207456
23.042326098
